  7028 0
  5593 1
  3037 2
  1434 3
  1280 -1
  1012 4
   909 5
   741 6
   608 10
   538 9
   514 8
   505 7
   227 20
   222 -2
   214 11
   178 16
   164 12
   143 100
   136 13
   131 15
   100 60
    98 99
    93 36
    86 32
    85 26
    82 50
    78 17
    74 24
    74 25
    73 14
    69 30
    68 65
    67 -6
    65 -3
    65 19
    64 31
    64 64
    62 21
    59 18
    58 -9
    58 39
    56 40
    55 34
    50 -4
    44 27
    44 29
    42 28
    41 61
    39 22
    39 80
    39 33
    37 -5
    34 51
    34 48
    34 111
    33 75
    33 72
    31 42
    31 23
    31 44
    30 500
    30 90
    30 43
    29 -20
    28 97
    28 45
    27 101
    26 95
    25 55
    25 400
    25 70
    25 255
    25 73
    24 -7
    24 -8
    23 35
    23 41
    23 62
    22 1024
    22 1000
    22 256
    22 69
    22 37
    21 123
    21 96
    21 46
    20 -10
    20 52
    20 56
    20 91
    20 92
    19 864
    19 66
    19 999
    19 78
    19 63
    17 57
    17 59
    16 300
    16 200
    16 74
    16 67
    16 71
    16 108
    16 38
    15 89
    15 54
    15 180
    15 84
    15 128
    15 49
    14 53
    14 47
    13 127
    13 113
    12 0.5
    12 79
    12 1.1
    11 -97
    11 -12
    11 98
    11 76
    10 77
    10 222
    10 2012
    10 94
